{
  "generated_by": "31_build_prototype_dynamic_visual_frames.py",
  "source_frames_file": "rt_out/dynamic_frames/prototype_frames.json",
  "source_manifest_file": "rt_out/manifests/dynamic_manifest.json",
  "frame_count": 3,
  "models": {
    "Panda": {
      "logged_link_count": 12,
      "renderable_link_count": 11,
      "renderable_visual_count": 11,
      "non_renderable_links": [
        "panda_link8"
      ]
    },
    "ur5_rg2": {
      "logged_link_count": 11,
      "renderable_link_count": 10,
      "renderable_visual_count": 10,
      "non_renderable_links": [
        "tool0"
      ]
    }
  },
  "frames": [
    {
      "frame_id": 0,
      "source_sample_index": 0,
      "timestamp": {
        "sec": 0,
        "nsec": 752000000,
        "seconds": 0.752
      },
      "renderable_visuals": [
        {
          "frame_id": 0,
          "source_sample_index": 0,
          "timestamp": {
            "sec": 0,
            "nsec": 752000000,
            "seconds": 0.752
          },
          "id": "Panda__panda_link0__panda_link0_visual",
          "model_name": "Panda",
          "link_name": "panda_link0",
          "visual_name": "panda_link0_visual",
          "frame_link_source_name": "Panda::panda_link0",
          "geometry_type": "mesh",
          "geometry_uri_original": "model://Panda/meshes/visual/link0.dae",
          "resolved_source_path": "/home/telilab4090/Documents/Gazebo World/my_world/models/robots/Panda/meshes/visual/link0.dae",
          "source_path_exists": true,
          "has_visuals": true,
          "link_pose_local_to_model": {
            "position": [
              0.0,
              0.0,
              0.0
            ],
            "orientation_xyzw": [
              0.0,
              0.0,
              0.0,
              1.0
            ]
          },
          "link_to_world": [
            [
              -0.9999528827880602,
              -0.005098342316433359,
              -0.00826069666990977,
              0.583825
            ],
            [
              0.005142456616361954,
              -0.9999725841857651,
              -0.005327852925102576,
              0.738624
            ],
            [
              -0.008233306978160633,
              -0.005370082165773058,
              0.9999516862697598,
              0.795
            ],
            [
              0.0,
              0.0,
              0.0,
              1.0
            ]
          ],
          "visual_pose6": [
            0.0,
            0.0,
            0.0,
            0.0,
            0.0,
            0.0
          ],
          "visual_pose_matrix": [
            [
              1.0,
              0.0,
              0.0,
              0.0
            ],
            [
              0.0,
              1.0,
              0.0,
              0.0
            ],
            [
              -0.0,
              0.0,
              1.0,
              0.0
            ],
            [
              0.0,
              0.0,
              0.0,
              1.0
            ]
          ],
          "scale_xyz": [
            1.0,
            1.0,
            1.0
          ]
        },
        {
          "frame_id": 0,
          "source_sample_index": 0,
          "timestamp": {
            "sec": 0,
            "nsec": 752000000,
            "seconds": 0.752
          },
          "id": "Panda__panda_link1__panda_link1_visual",
          "model_name": "Panda",
          "link_name": "panda_link1",
          "visual_name": "panda_link1_visual",
          "frame_link_source_name": "Panda::panda_link1",
          "geometry_type": "mesh",
          "geometry_uri_original": "model://Panda/meshes/visual/link1.dae",
          "resolved_source_path": "/home/telilab4090/Documents/Gazebo World/my_world/models/robots/Panda/meshes/visual/link1.dae",
          "source_path_exists": true,
          "has_visuals": true,
          "link_pose_local_to_model": {
            "position": [
              -2.1094237467877974e-15,
              -5.551115123125783e-16,
              0.33299999999999963
            ],
            "orientation_xyzw": [
              -1.3010426069826053e-18,
              -1.1275702593849246e-17,
              0.013134114576998162,
              0.9999137437970728
            ]
          },
          "link_to_world": [
            [
              -0.999741801984984,
              0.021168142439629334,
              -0.008260696669909747,
              0.5810741880089222
            ],
            [
              -0.021124560835762515,
              -0.9997626552900966,
              -0.005327852925102579,
              0.7368498249759413
            ],
            [
              -0.008371516786870994,
              -0.005151973694703732,
              0.9999516862697598,
              1.1279839115278296
            ],
            [
              0.0,
              0.0,
              0.0,
              1.0
            ]
          ],
          "visual_pose6": [
            0.0,
            0.0,
            0.0,
            0.0,
            0.0,
            0.0
          ],
          "visual_pose_matrix": [
            [
              1.0,
              0.0,
              0.0,
              0.0
            ],
            [
              0.0,
              1.0,
              0.0,
              0.0
            ],
            [
              -0.0,
              0.0,
              1.0,
              0.0
            ],
            [
              0.0,
              0.0,
              0.0,
              1.0
            ]
          ],
          "scale_xyz": [
            1.0,
            1.0,
            1.0
          ]
        },
        {
          "frame_id": 0,
          "source_sample_index": 0,
          "timestamp": {
            "sec": 0,
            "nsec": 752000000,
            "seconds": 0.752
          },
          "id": "Panda__panda_link2__panda_link2_visual",
          "model_name": "Panda",
          "link_name": "panda_link2",
          "visual_name": "panda_link2_visual",
          "frame_link_source_name": "Panda::panda_link2",
          "geometry_type": "mesh",
          "geometry_uri_original": "model://Panda/meshes/visual/link2.dae",
          "resolved_source_path": "/home/telilab4090/Documents/Gazebo World/my_world/models/robots/Panda/meshes/visual/link2.dae",
          "source_path_exists": true,
          "has_visuals": true,
          "link_pose_local_to_model": {
            "position": [
              -1.7763568394002505e-15,
              -9.992007221626409e-16,
              0.33299999999999963
            ],
            "orientation_xyzw": [
              0.7070419884635012,
              0.009572175801543539,
              -0.009002265679601492,
              -0.7070494743740613
            ]
          },
          "link_to_world": [
            [
              -0.9997481357002094,
              0.007454858020745618,
              0.021168142475099763,
              0.5810741880089219
            ],
            [
              -0.021128848493178434,
              0.005310823866994664,
              -0.999762655289347,
              0.7368498249759418
            ],
            [
              -0.007565508925902432,
              -0.9999581092434543,
              -0.005151973694401604,
              1.1279839115278296
            ],
            [
              0.0,
              0.0,
              0.0,
              1.0
            ]
          ],
          "visual_pose6": [
            0.0,
            0.0,
            0.0,
            0.0,
            0.0,
            0.0
          ],
          "visual_pose_matrix": [
            [
              1.0,
              0.0,
              0.0,
              0.0
            ],
            [
              0.0,
              1.0,
              0.0,
              0.0
            ],
            [
              -0.0,
              0.0,
              1.0,
              0.0
            ],
            [
              0.0,
              0.0,
              0.0,
              1.0
            ]
          ],
          "scale_xyz": [
            1.0,
            1.0,
            1.0
          ]
        },
        {
          "frame_id": 0,
          "source_sample_index": 0,
          "timestamp": {
            "sec": 0,
            "nsec": 752000000,
            "seconds": 0.752
          },
          "id": "Panda__panda_link3__panda_link3_visual",
          "model_name": "Panda",
          "link_name": "panda_link3",
          "visual_name": "panda_link3_visual",
          "frame_link_source_name": "Panda::panda_link3",
          "geometry_type": "mesh",
          "geometry_uri_original": "model://Panda/meshes/visual/link3.dae",
          "resolved_source_path": "/home/telilab4090/Documents/Gazebo World/my_world/models/robots/Panda/meshes/visual/link3.dae",
          "source_path_exists": true,
          "has_visuals": true,
          "link_pose_local_to_model": {
            "position": [
              -0.0002546220532889665,
              -6.690201717618471e-06,
              0.6489998973462662
            ],
            "orientation_xyzw": [
              4.42735874539666e-06,
              -0.0004029977561586873,
              0.015282767194922792,
              0.999883130470792
            ]
          },
          "link_to_world": [
            [
              -0.9996479278035946,
              0.025464593652157173,
              -0.007454858020745658,
              0.5787184528743662
            ],
            [
              -0.02542536243438773,
              -0.99966261613353,
              -0.005310823866999794,
              0.73517160463397
            ],
            [
              -0.007587580843653963,
              -0.005119411606501858,
              0.9999581092434544,
              1.443970674048761
            ],
            [
              0.0,
              0.0,
              0.0,
              1.0
            ]
          ],
          "visual_pose6": [
            0.0,
            0.0,
            0.0,
            0.0,
            0.0,
            0.0
          ],
          "visual_pose_matrix": [
            [
              1.0,
              0.0,
              0.0,
              0.0
            ],
            [
              0.0,
              1.0,
              0.0,
              0.0
            ],
            [
              -0.0,
              0.0,
              1.0,
              0.0
            ],
            [
              0.0,
              0.0,
              0.0,
              1.0
            ]
          ],
          "scale_xyz": [
            1.0,
            1.0,
            1.0
          ]
        },
        {
          "frame_id": 0,
          "source_sample_index": 0,
          "timestamp": {
            "sec": 0,
            "nsec": 752000000,
            "seconds": 0.752
          },
          "id": "Panda__panda_link4__panda_link4_visual",
          "model_name": "Panda",
          "link_name": "panda_link4",
          "visual_name": "panda_link4_visual",
          "frame_link_source_name": "Panda::panda_link4",
          "geometry_type": "mesh",
          "geometry_uri_original": "model://Panda/meshes/visual/link4.dae",
          "resolved_source_path": "/home/telilab4090/Documents/Gazebo World/my_world/models/robots/Panda/meshes/visual/link4.dae",
          "source_path_exists": true,
          "has_visuals": true,
          "link_pose_local_to_model": {
            "position": [
              0.0822068132589574,
              0.002514671386230849,
              0.6490663953691175
            ],
            "orientation_xyzw": [
              0.7045710409359868,
              0.05981568519062091,
              -0.0382548002087222,
              0.7060724483652839
            ]
          },
          "link_to_world": [
            [
              -0.9888819071807506,
              -0.14650640982800603,
              -0.025464593652156576,
              0.4962474988305695
            ],
            [
              -0.024438800728802862,
              -0.008797665827019786,
              0.9996626161335302,
              0.7330740122331331
            ],
            [
              -0.1466810099143682,
              0.9891705985093293,
              0.005119411606483324,
              1.4433446986291625
            ],
            [
              0.0,
              0.0,
              0.0,
              1.0
            ]
          ],
          "visual_pose6": [
            0.0,
            0.0,
            0.0,
            0.0,
            0.0,
            0.0
          ],
          "visual_pose_matrix": [
            [
              1.0,
              0.0,
              0.0,
              0.0
            ],
            [
              0.0,
              1.0,
              0.0,
              0.0
            ],
            [
              -0.0,
              0.0,
              1.0,
              0.0
            ],
            [
              0.0,
              0.0,
              0.0,
              1.0
            ]
          ],
          "scale_xyz": [
            1.0,
            1.0,
            1.0
          ]
        },
        {
          "frame_id": 0,
          "source_sample_index": 0,
          "timestamp": {
            "sec": 0,
            "nsec": 752000000,
            "seconds": 0.752
          },
          "id": "Panda__panda_link5__panda_link5_visual",
          "model_name": "Panda",
          "link_name": "panda_link5",
          "visual_name": "panda_link5_visual",
          "frame_link_source_name": "Panda::panda_link5",
          "geometry_type": "mesh",
          "geometry_uri_original": "model://Panda/meshes/visual/link5.dae",
          "resolved_source_path": "/home/telilab4090/Documents/Gazebo World/my_world/models/robots/Panda/meshes/visual/link5.dae",
          "source_path_exists": true,
          "has_visuals": true,
          "link_pose_local_to_model": {
            "position": [
              0.053650759893562605,
              0.0016428875502336737,
              1.0407881342779013
            ],
            "orientation_xyzw": [
              0.0032370485875316624,
              0.0692795801608651,
              0.07701912932346072,
              0.9946144554587097
            ]
          },
          "link_to_world": [
            [
              -0.9781397661690889,
              0.14757386083555,
              -0.14650786134801577,
              0.5215707569026325
            ],
            [
              -0.1478893153942862,
              -0.9889647875161879,
              -0.00879769545224391,
              0.7317118880904291
            ],
            [
              -0.1461894258518346,
              0.013061571542154345,
              0.9891703832596082,
              1.8352873043037956
            ],
            [
              0.0,
              0.0,
              0.0,
              1.0
            ]
          ],
          "visual_pose6": [
            0.0,
            0.0,
            0.0,
            0.0,
            0.0,
            0.0
          ],
          "visual_pose_matrix": [
            [
              1.0,
              0.0,
              0.0,
              0.0
            ],
            [
              0.0,
              1.0,
              0.0,
              0.0
            ],
            [
              -0.0,
              0.0,
              1.0,
              0.0
            ],
            [
              0.0,
              0.0,
              0.0,
              1.0
            ]
          ],
          "scale_xyz": [
            1.0,
            1.0,
            1.0
          ]
        },
        {
          "frame_id": 0,
          "source_sample_index": 0,
          "timestamp": {
            "sec": 0,
            "nsec": 752000000,
            "seconds": 0.752
          },
          "id": "Panda__panda_link6__panda_link6_visual",
          "model_name": "Panda",
          "link_name": "panda_link6",
          "visual_name": "panda_link6_visual",
          "frame_link_source_name": "Panda::panda_link6",
          "geometry_type": "mesh",
          "geometry_uri_original": "model://Panda/meshes/visual/link6.dae",
          "resolved_source_path": "/home/telilab4090/Documents/Gazebo World/my_world/models/robots/Panda/meshes/visual/link6.dae",
          "source_path_exists": true,
          "has_visuals": true,
          "link_pose_local_to_model": {
            "position": [
              0.0536507598935656,
              0.00164288755023545,
              1.0407881342779044
            ],
            "orientation_xyzw": [
              0.7048651107775153,
              0.10826192253363666,
              0.0006882812765125887,
              0.7010307111723443
            ]
          },
          "link_to_world": [
            [
              -0.9760489068625419,
              -0.15984519702050956,
              -0.14757386083555404,
              0.5215707569026294
            ],
            [
              -0.14775545555553263,
              -0.010815470708204695,
              0.9889647875161869,
              0.7317118880904273
            ],
            [
              -0.1596773520760349,
              0.9870828428165664,
              -0.013061571542182163,
              1.8352873043037987
            ],
            [
              0.0,
              0.0,
              0.0,
              1.0
            ]
          ],
          "visual_pose6": [
            0.0,
            0.0,
            0.0,
            0.0,
            0.0,
            0.0
          ],
          "visual_pose_matrix": [
            [
              1.0,
              0.0,
              0.0,
              0.0
            ],
            [
              0.0,
              1.0,
              0.0,
              0.0
            ],
            [
              -0.0,
              0.0,
              1.0,
              0.0
            ],
            [
              0.0,
              0.0,
              0.0,
              1.0
            ]
          ],
          "scale_xyz": [
            1.0,
            1.0,
            1.0
          ]
        },
        {
          "frame_id": 0,
          "source_sample_index": 0,
          "timestamp": {
            "sec": 0,
            "nsec": 752000000,
            "seconds": 0.752
          },
          "id": "Panda__panda_link7__panda_link7_visual",
          "model_name": "Panda",
          "link_name": "panda_link7",
          "visual_name": "panda_link7_visual",
          "frame_link_source_name": "Panda::panda_link7",
          "geometry_type": "mesh",
          "geometry_uri_original": "model://Panda/meshes/visual/link7.dae",
          "resolved_source_path": "/home/telilab4090/Documents/Gazebo World/my_world/models/robots/Panda/meshes/visual/link7.dae",
          "source_path_exists": true,
          "has_visuals": true,
          "link_pose_local_to_model": {
            "position": [
              0.1395878431956562,
              0.015158377816745228,
              1.0275160117503366
            ],
            "orientation_xyzw": [
              0.9946028293638812,
              0.07051110809307184,
              -0.07608221248411827,
              -0.0022118771091148423
            ]
          },
          "link_to_world": [
            [
              -0.9779024496670863,
              -0.1347453595660552,
              0.15984519702051106,
              0.43567845309871933
            ],
            [
              -0.1347573497121019,
              0.990819601285688,
              0.010815470708231268,
              0.7187094080015365
            ],
            [
              -0.15983508886875178,
              -0.010963839814810871,
              -0.987082842816566,
              1.8212356973211026
            ],
            [
              0.0,
              0.0,
              0.0,
              1.0
            ]
          ],
          "visual_pose6": [
            0.0,
            0.0,
            0.0,
            0.0,
            0.0,
            0.0
          ],
          "visual_pose_matrix": [
            [
              1.0,
              0.0,
              0.0,
              0.0
            ],
            [
              0.0,
              1.0,
              0.0,
              0.0
            ],
            [
              -0.0,
              0.0,
              1.0,
              0.0
            ],
            [
              0.0,
              0.0,
              0.0,
              1.0
            ]
          ],
          "scale_xyz": [
            1.0,
            1.0,
            1.0
          ]
        },
        {
          "frame_id": 0,
          "source_sample_index": 0,
          "timestamp": {
            "sec": 0,
            "nsec": 752000000,
            "seconds": 0.752
          },
          "id": "Panda__panda_hand__panda_hand_visual",
          "model_name": "Panda",
          "link_name": "panda_hand",
          "visual_name": "panda_hand_visual",
          "frame_link_source_name": "Panda::panda_hand",
          "geometry_type": "mesh",
          "geometry_uri_original": "model://Panda/meshes/visual/hand.dae",
          "resolved_source_path": "/home/telilab4090/Documents/Gazebo World/my_world/models/robots/Panda/meshes/visual/hand.dae",
          "source_path_exists": true,
          "has_visuals": true,
          "link_pose_local_to_model": {
            "position": [
              0.12336074841437816,
              0.014481131614956677,
              0.9217557983781047
            ],
            "orientation_xyzw": [
              0.8919097641621204,
              0.44576179416296646,
              -0.06944435017815774,
              -0.03115891020490505
            ]
          },
          "link_to_world": [
            [
              -0.5962020960157903,
              -0.7867608109812366,
              0.1598451970205087,
              0.4527818891799156
            ],
            [
              -0.7959030947979442,
              0.6053274232053378,
              0.010815470708220433,
              0.7198666633673214
            ],
            [
              -0.1052678697297174,
              -0.12077308069157162,
              -0.9870828428165666,
              1.7156178331397376
            ],
            [
              0.0,
              0.0,
              0.0,
              1.0
            ]
          ],
          "visual_pose6": [
            0.0,
            0.0,
            0.0,
            0.0,
            0.0,
            0.0
          ],
          "visual_pose_matrix": [
            [
              1.0,
              0.0,
              0.0,
              0.0
            ],
            [
              0.0,
              1.0,
              0.0,
              0.0
            ],
            [
              -0.0,
              0.0,
              1.0,
              0.0
            ],
            [
              0.0,
              0.0,
              0.0,
              1.0
            ]
          ],
          "scale_xyz": [
            1.0,
            1.0,
            1.0
          ]
        },
        {
          "frame_id": 0,
          "source_sample_index": 0,
          "timestamp": {
            "sec": 0,
            "nsec": 752000000,
            "seconds": 0.752
          },
          "id": "Panda__panda_leftfinger__panda_leftfinger_visual",
          "model_name": "Panda",
          "link_name": "panda_leftfinger",
          "visual_name": "panda_leftfinger_visual",
          "frame_link_source_name": "Panda::panda_leftfinger",
          "geometry_type": "mesh",
          "geometry_uri_original": "model://Panda/meshes/visual/finger.dae",
          "resolved_source_path": "/home/telilab4090/Documents/Gazebo World/my_world/models/robots/Panda/meshes/visual/finger.dae",
          "source_path_exists": true,
          "has_visuals": true,
          "link_pose_local_to_model": {
            "position": [
              0.11560921476356939,
              0.013272132080359822,
              0.8638682795920264
            ],
            "orientation_xyzw": [
              0.8919097641620437,
              0.44576179416305345,
              -0.06944435017814424,
              -0.031158910204915326
            ]
          },
          "link_to_world": [
            [
              -0.5962020960156154,
              -0.7867608109813712,
              0.15984519702049763,
              0.46101741272722374
            ],
            [
              -0.7959030947980809,
              0.6053274232051576,
              0.010815470708207375,
              0.7213441840169934
            ],
            [
              -0.10526786972967316,
              -0.12077308069159437,
              -0.9870828428165681,
              1.657803424298564
            ],
            [
              0.0,
              0.0,
              0.0,
              1.0
            ]
          ],
          "visual_pose6": [
            0.0,
            0.0,
            0.0,
            0.0,
            0.0,
            0.0
          ],
          "visual_pose_matrix": [
            [
              1.0,
              0.0,
              0.0,
              0.0
            ],
            [
              0.0,
              1.0,
              0.0,
              0.0
            ],
            [
              -0.0,
              0.0,
              1.0,
              0.0
            ],
            [
              0.0,
              0.0,
              0.0,
              1.0
            ]
          ],
          "scale_xyz": [
            1.0,
            1.0,
            1.0
          ]
        },
        {
          "frame_id": 0,
          "source_sample_index": 0,
          "timestamp": {
            "sec": 0,
            "nsec": 752000000,
            "seconds": 0.752
          },
          "id": "Panda__panda_rightfinger__panda_rightfinger_visual",
          "model_name": "Panda",
          "link_name": "panda_rightfinger",
          "visual_name": "panda_rightfinger_visual",
          "frame_link_source_name": "Panda::panda_rightfinger",
          "geometry_type": "mesh",
          "geometry_uri_original": "model://Panda/meshes/visual/finger.dae",
          "resolved_source_path": "/home/telilab4090/Documents/Gazebo World/my_world/models/robots/Panda/meshes/visual/finger.dae",
          "source_path_exists": true,
          "has_visuals": true,
          "link_pose_local_to_model": {
            "position": [
              0.1107769201696896,
              0.016942351275534784,
              0.8645862098793741
            ],
            "orientation_xyzw": [
              0.8919097641620437,
              0.44576179416305345,
              -0.06944435017814424,
              -0.031158910204915326
            ]
          },
          "link_to_world": [
            [
              -0.5962020960156154,
              -0.7867608109813712,
              0.15984519702049763,
              0.4658248369986877
            ],
            [
              -0.7959030947980809,
              0.6053274232051576,
              0.010815470708207375,
              0.717645390551578
            ],
            [
              -0.10526786972967316,
              -0.12077308069159437,
              -0.9870828428165681,
              1.6585413962861775
            ],
            [
              0.0,
              0.0,
              0.0,
              1.0
            ]
          ],
          "visual_pose6": [
            0.0,
            0.0,
            0.0,
            0.0,
            0.0,
            3.141592653589793
          ],
          "visual_pose_matrix": [
            [
              -1.0,
              -1.2246467991473532e-16,
              0.0,
              0.0
            ],
            [
              1.2246467991473532e-16,
              -1.0,
              0.0,
              0.0
            ],
            [
              -0.0,
              0.0,
              1.0,
              0.0
            ],
            [
              0.0,
              0.0,
              0.0,
              1.0
            ]
          ],
          "scale_xyz": [
            1.0,
            1.0,
            1.0
          ]
        },
        {
          "frame_id": 0,
          "source_sample_index": 0,
          "timestamp": {
            "sec": 0,
            "nsec": 752000000,
            "seconds": 0.752
          },
          "id": "ur5_rg2__base_link__base_link_visual",
          "model_name": "ur5_rg2",
          "link_name": "base_link",
          "visual_name": "base_link_visual",
          "frame_link_source_name": "ur5_rg2::base_link",
          "geometry_type": "mesh",
          "geometry_uri_original": "model://ur5_rg2/meshes/visual/ur5/base.dae",
          "resolved_source_path": "/home/telilab4090/Documents/Gazebo World/my_world/models/robots/ur5_rg2/meshes/visual/ur5/base.dae",
          "source_path_exists": true,
          "has_visuals": true,
          "link_pose_local_to_model": {
            "position": [
              0.0,
              0.0,
              0.0
            ],
            "orientation_xyzw": [
              0.0,
              0.0,
              0.0,
              1.0
            ]
          },
          "link_to_world": [
            [
              0.9991942294738361,
              0.04013591641145253,
              0.0,
              0.496986
            ],
            [
              -0.04013591641145253,
              0.9991942294738361,
              0.0,
              -0.841066
            ],
            [
              0.0,
              0.0,
              1.0,
              0.795
            ],
            [
              0.0,
              0.0,
              0.0,
              1.0
            ]
          ],
          "visual_pose6": [
            0.0,
            0.0,
            0.0,
            0.0,
            0.0,
            0.0
          ],
          "visual_pose_matrix": [
            [
              1.0,
              0.0,
              0.0,
              0.0
            ],
            [
              0.0,
              1.0,
              0.0,
              0.0
            ],
            [
              -0.0,
              0.0,
              1.0,
              0.0
            ],
            [
              0.0,
              0.0,
              0.0,
              1.0
            ]
          ],
          "scale_xyz": [
            1.0,
            1.0,
            1.0
          ]
        },
        {
          "frame_id": 0,
          "source_sample_index": 0,
          "timestamp": {
            "sec": 0,
            "nsec": 752000000,
            "seconds": 0.752
          },
          "id": "ur5_rg2__shoulder_link__shoulder_link_visual",
          "model_name": "ur5_rg2",
          "link_name": "shoulder_link",
          "visual_name": "shoulder_link_visual",
          "frame_link_source_name": "ur5_rg2::shoulder_link",
          "geometry_type": "mesh",
          "geometry_uri_original": "model://ur5_rg2/meshes/visual/ur5/shoulder.dae",
          "resolved_source_path": "/home/telilab4090/Documents/Gazebo World/my_world/models/robots/ur5_rg2/meshes/visual/ur5/shoulder.dae",
          "source_path_exists": true,
          "has_visuals": true,
          "link_pose_local_to_model": {
            "position": [
              0.0,
              0.0,
              0.08915900000000043
            ],
            "orientation_xyzw": [
              0.0,
              0.0,
              0.0,
              1.0
            ]
          },
          "link_to_world": [
            [
              0.9991942294738361,
              0.04013591641145253,
              0.0,
              0.496986
            ],
            [
              -0.04013591641145253,
              0.9991942294738361,
              0.0,
              -0.841066
            ],
            [
              0.0,
              0.0,
              1.0,
              0.8841590000000005
            ],
            [
              0.0,
              0.0,
              0.0,
              1.0
            ]
          ],
          "visual_pose6": [
            0.0,
            0.0,
            0.0,
            0.0,
            0.0,
            0.0
          ],
          "visual_pose_matrix": [
            [
              1.0,
              0.0,
              0.0,
              0.0
            ],
            [
              0.0,
              1.0,
              0.0,
              0.0
            ],
            [
              -0.0,
              0.0,
              1.0,
              0.0
            ],
            [
              0.0,
              0.0,
              0.0,
              1.0
            ]
          ],
          "scale_xyz": [
            1.0,
            1.0,
            1.0
          ]
        },
        {
          "frame_id": 0,
          "source_sample_index": 0,
          "timestamp": {
            "sec": 0,
            "nsec": 752000000,
            "seconds": 0.752
          },
          "id": "ur5_rg2__upper_arm_link__upper_arm_link_visual",
          "model_name": "ur5_rg2",
          "link_name": "upper_arm_link",
          "visual_name": "upper_arm_link_visual",
          "frame_link_source_name": "ur5_rg2::upper_arm_link",
          "geometry_type": "mesh",
          "geometry_uri_original": "model://ur5_rg2/meshes/visual/ur5/upperarm.dae",
          "resolved_source_path": "/home/telilab4090/Documents/Gazebo World/my_world/models/robots/ur5_rg2/meshes/visual/ur5/upperarm.dae",
          "source_path_exists": true,
          "has_visuals": true,
          "link_pose_local_to_model": {
            "position": [
              -1.1102230246251565e-16,
              0.13584999999999992,
              0.08915900000000043
            ],
            "orientation_xyzw": [
              0.0,
              -8.897232870569155e-18,
              0.0,
              1.0
            ]
          },
          "link_to_world": [
            [
              0.9991942294738361,
              0.04013591641145253,
              -1.7780127485115268e-17,
              0.5024384642444957
            ],
            [
              -0.04013591641145253,
              0.9991942294738361,
              7.14197189572783e-19,
              -0.7053254639259794
            ],
            [
              1.779446574113831e-17,
              0.0,
              1.0,
              0.8841590000000005
            ],
            [
              0.0,
              0.0,
              0.0,
              1.0
            ]
          ],
          "visual_pose6": [
            0.0,
            0.0,
            0.0,
            0.0,
            0.0,
            0.0
          ],
          "visual_pose_matrix": [
            [
              1.0,
              0.0,
              0.0,
              0.0
            ],
            [
              0.0,
              1.0,
              0.0,
              0.0
            ],
            [
              -0.0,
              0.0,
              1.0,
              0.0
            ],
            [
              0.0,
              0.0,
              0.0,
              1.0
            ]
          ],
          "scale_xyz": [
            1.0,
            1.0,
            1.0
          ]
        },
        {
          "frame_id": 0,
          "source_sample_index": 0,
          "timestamp": {
            "sec": 0,
            "nsec": 752000000,
            "seconds": 0.752
          },
          "id": "ur5_rg2__forearm_link__forearm_link_visual",
          "model_name": "ur5_rg2",
          "link_name": "forearm_link",
          "visual_name": "forearm_link_visual",
          "frame_link_source_name": "ur5_rg2::forearm_link",
          "geometry_type": "mesh",
          "geometry_uri_original": "model://ur5_rg2/meshes/visual/ur5/forearm.dae",
          "resolved_source_path": "/home/telilab4090/Documents/Gazebo World/my_world/models/robots/ur5_rg2/meshes/visual/ur5/forearm.dae",
          "source_path_exists": true,
          "has_visuals": true,
          "link_pose_local_to_model": {
            "position": [
              -6.661338147750939e-16,
              0.016149999999999998,
              0.5141590000000001
            ],
            "orientation_xyzw": [
              -7.703719777548943e-34,
              -5.855772355676512e-17,
              0.0,
              1.0
            ]
          },
          "link_to_world": [
            [
              0.9991942294738361,
              0.04013591641145253,
              -1.1702107893808764e-16,
              0.4976341950500443
            ],
            [
              -0.04013591641145253,
              0.9991942294738361,
              4.7005357958385406e-18,
              -0.8249290131939975
            ],
            [
              1.1711544711353024e-16,
              -1.5407439555097887e-33,
              1.0,
              1.3091590000000002
            ],
            [
              0.0,
              0.0,
              0.0,
              1.0
            ]
          ],
          "visual_pose6": [
            0.0,
            0.0,
            0.0,
            0.0,
            0.0,
            0.0
          ],
          "visual_pose_matrix": [
            [
              1.0,
              0.0,
              0.0,
              0.0
            ],
            [
              0.0,
              1.0,
              0.0,
              0.0
            ],
            [
              -0.0,
              0.0,
              1.0,
              0.0
            ],
            [
              0.0,
              0.0,
              0.0,
              1.0
            ]
          ],
          "scale_xyz": [
            1.0,
            1.0,
            1.0
          ]
        },
        {
          "frame_id": 0,
          "source_sample_index": 0,
          "timestamp": {
            "sec": 0,
            "nsec": 752000000,
            "seconds": 0.752
          },
          "id": "ur5_rg2__wrist_1_link__wrist_1_link_visual",
          "model_name": "ur5_rg2",
          "link_name": "wrist_1_link",
          "visual_name": "wrist_1_link_visual",
          "frame_link_source_name": "ur5_rg2::wrist_1_link",
          "geometry_type": "mesh",
          "geometry_uri_original": "model://ur5_rg2/meshes/visual/ur5/wrist1.dae",
          "resolved_source_path": "/home/telilab4090/Documents/Gazebo World/my_world/models/robots/ur5_rg2/meshes/visual/ur5/wrist1.dae",
          "source_path_exists": true,
          "has_visuals": true,
          "link_pose_local_to_model": {
            "position": [
              -3.3306690738754696e-16,
              0.016149999999999998,
              0.9064090000000008
            ],
            "orientation_xyzw": [
              1.5407439555097887e-33,
              -5.617038674960519e-16,
              0.0,
              1.0
            ]
          },
          "link_to_world": [
            [
              0.9991942294738361,
              0.04013591641145253,
              -1.1225025261503826e-15,
              0.49763419505004464
            ],
            [
              -0.04013591641145253,
              0.9991942294738361,
              4.5088998947622295e-17,
              -0.8249290131939975
            ],
            [
              1.1234077349921038e-15,
              3.0814879110195774e-33,
              1.0,
              1.7014090000000008
            ],
            [
              0.0,
              0.0,
              0.0,
              1.0
            ]
          ],
          "visual_pose6": [
            0.0,
            0.0,
            0.0,
            0.0,
            0.0,
            0.0
          ],
          "visual_pose_matrix": [
            [
              1.0,
              0.0,
              0.0,
              0.0
            ],
            [
              0.0,
              1.0,
              0.0,
              0.0
            ],
            [
              -0.0,
              0.0,
              1.0,
              0.0
            ],
            [
              0.0,
              0.0,
              0.0,
              1.0
            ]
          ],
          "scale_xyz": [
            1.0,
            1.0,
            1.0
          ]
        },
        {
